Run: 1, Fitness: 30.14111642865087, Time: (Run: 1min 30sec, Total: 1min 30sec), Seed: 1614005952071245800, Route: [28, 26, 23, 24, 10, 21, 31, 22, 30, 15, 17, 16, 11, 8, 7, 25, 27, 9, 29, 2, 18, 5, 14, 0, 4, 12, 13, 1, 3, 20, 6, 19]
Run: 2, Fitness: 27.29535385502676, Time: (Run: 1min 29sec, Total: 2min 59sec), Seed: 1614006042808451700, Route: [28, 26, 23, 24, 8, 7, 25, 19, 27, 2, 18, 29, 9, 6, 20, 3, 5, 10, 14, 0, 21, 31, 4, 1, 13, 12, 22, 30, 15, 17, 16, 11]
Run: 3, Fitness: 29.115158680744543, Time: (Run: 1min 33sec, Total: 4min 33sec), Seed: 1614006131599976400, Route: [19, 9, 6, 29, 2, 18, 14, 21, 31, 0, 3, 20, 5, 10, 11, 16, 17, 15, 30, 22, 12, 13, 1, 4, 27, 25, 7, 8, 24, 23, 26, 28]
Run: 4, Fitness: 27.75267525560924, Time: (Run: 1min 33sec, Total: 6min 6sec), Seed: 1614006225121531400, Route: [2, 18, 21, 31, 4, 1, 13, 12, 22, 30, 15, 17, 16, 11, 10, 5, 14, 0, 3, 20, 6, 9, 29, 27, 25, 7, 8, 24, 23, 26, 28, 19]
Run: 5, Fitness: 26.80096172817916, Time: (Run: 1min 29sec, Total: 7min 34sec), Seed: 1614006318239049600, Route: [19, 2, 18, 14, 0, 21, 31, 4, 1, 13, 12, 22, 30, 15, 17, 16, 11, 10, 5, 3, 20, 6, 9, 29, 27, 25, 7, 8, 24, 23, 26, 28]
Run: 6, Fitness: 30.965130867875697, Time: (Run: 1min 30sec, Total: 9min 4sec), Seed: 1614006406979436500, Route: [27, 2, 20, 3, 0, 4, 31, 21, 14, 10, 5, 18, 29, 6, 9, 19, 28, 26, 23, 24, 25, 7, 8, 11, 16, 17, 15, 30, 22, 12, 13, 1]
Run: 7, Fitness: 25.53211681527362, Time: (Run: 1min 22sec, Total: 10min 26sec), Seed: 1614006496566965900, Route: [27, 9, 6, 29, 2, 18, 20, 3, 5, 10, 14, 0, 21, 31, 4, 1, 13, 12, 22, 30, 15, 17, 16, 11, 8, 7, 25, 24, 23, 26, 28, 19]
Run: 8, Fitness: 29.31735426818534, Time: (Run: 1min 30sec, Total: 11min 56sec), Seed: 1614006578595152000, Route: [19, 9, 6, 29, 20, 18, 2, 27, 25, 23, 28, 26, 24, 7, 8, 17, 15, 22, 30, 16, 11, 10, 5, 14, 0, 21, 31, 4, 12, 13, 1, 3]
Run: 9, Fitness: 29.8693259242657, Time: (Run: 1min 24sec, Total: 13min 20sec), Seed: 1614006668797904300, Route: [9, 6, 3, 20, 29, 27, 23, 28, 26, 24, 25, 7, 8, 11, 16, 17, 15, 22, 30, 21, 14, 0, 4, 1, 13, 12, 31, 10, 5, 18, 2, 19]
Run: 10, Fitness: 27.03581220476615, Time: (Run: 1min 23sec, Total: 14min 43sec), Seed: 1614006752753261100, Route: [19, 28, 26, 23, 24, 8, 7, 25, 27, 10, 5, 18, 2, 29, 9, 6, 20, 3, 0, 14, 21, 31, 4, 1, 13, 12, 22, 30, 15, 17, 16, 11]
Run: 11, Fitness: 25.85828912556248, Time: (Run: 1min 30sec, Total: 16min 13sec), Seed: 1614006835826341800, Route: [19, 28, 26, 23, 24, 8, 7, 25, 27, 9, 29, 2, 18, 5, 10, 14, 0, 21, 31, 4, 30, 11, 16, 17, 15, 22, 12, 13, 1, 3, 20, 6]
Run: 12, Fitness: 27.84546087658275, Time: (Run: 1min 28sec, Total: 17min 41sec), Seed: 1614006925611340200, Route: [28, 26, 23, 24, 8, 7, 25, 27, 2, 18, 29, 9, 6, 20, 3, 5, 10, 14, 21, 31, 30, 11, 16, 17, 15, 22, 12, 13, 1, 4, 0, 19]
Run: 13, Fitness: 27.906508757002292, Time: (Run: 1min 25sec, Total: 19min 6sec), Seed: 1614007013282641500, Route: [28, 26, 8, 7, 27, 2, 18, 29, 9, 6, 20, 3, 0, 14, 21, 30, 11, 16, 17, 15, 22, 12, 13, 1, 4, 31, 10, 5, 25, 24, 23, 19]
Run: 14, Fitness: 30.493009687830376, Time: (Run: 1min 33sec, Total: 20min 39sec), Seed: 1614007098605172500, Route: [19, 2, 18, 5, 10, 14, 21, 31, 0, 3, 20, 6, 9, 29, 27, 25, 7, 24, 23, 28, 26, 8, 11, 16, 30, 4, 1, 13, 12, 22, 15, 17]
Run: 15, Fitness: 31.06015449030789, Time: (Run: 1min 28sec, Total: 22min 7sec), Seed: 1614007191494607500, Route: [19, 2, 5, 10, 14, 0, 1, 13, 12, 4, 31, 21, 3, 20, 18, 29, 6, 9, 25, 7, 24, 23, 28, 26, 8, 11, 16, 17, 15, 22, 30, 27]
Run: 16, Fitness: 26.460790189613174, Time: (Run: 1min 31sec, Total: 23min 38sec), Seed: 1614007279852977500, Route: [28, 26, 27, 9, 6, 29, 2, 18, 20, 3, 5, 10, 14, 0, 21, 31, 4, 1, 13, 12, 22, 30, 15, 17, 16, 11, 8, 24, 7, 25, 23, 19]
Run: 17, Fitness: 31.146610439833484, Time: (Run: 1min 28sec, Total: 25min 6sec), Seed: 1614007370553108500, Route: [19, 20, 3, 1, 13, 4, 0, 14, 10, 5, 18, 2, 29, 6, 9, 27, 25, 7, 24, 23, 28, 26, 8, 21, 31, 12, 22, 30, 15, 17, 16, 11]
Run: 18, Fitness: 27.15290569053707, Time: (Run: 1min 30sec, Total: 26min 36sec), Seed: 1614007458415861400, Route: [19, 23, 24, 7, 25, 9, 6, 29, 2, 18, 5, 10, 14, 0, 21, 31, 4, 30, 11, 16, 17, 15, 22, 12, 13, 1, 3, 20, 27, 8, 26, 28]
Run: 19, Fitness: 26.15172013099012, Time: (Run: 1min 27sec, Total: 28min 3sec), Seed: 1614007548254719500, Route: [19, 9, 3, 1, 13, 12, 22, 15, 17, 16, 11, 30, 4, 31, 21, 0, 14, 10, 5, 18, 20, 6, 29, 2, 27, 25, 7, 8, 24, 23, 26, 28]
Run: 20, Fitness: 26.792597175794853, Time: (Run: 1min 25sec, Total: 29min 27sec), Seed: 1614007635370765300, Route: [19, 28, 26, 23, 24, 8, 7, 25, 27, 9, 6, 29, 2, 18, 20, 3, 5, 10, 14, 0, 21, 31, 4, 1, 13, 12, 22, 30, 15, 17, 16, 11]
Run: 21, Fitness: 25.09502510804137, Time: (Run: 1min 25sec, Total: 30min 52sec), Seed: 1614007719927395500, Route: [19, 27, 2, 18, 29, 9, 6, 20, 3, 5, 10, 14, 0, 21, 31, 4, 1, 13, 12, 22, 30, 15, 17, 16, 11, 8, 7, 25, 24, 23, 26, 28]
Run: 22, Fitness: 26.577889984164287, Time: (Run: 1min 24sec, Total: 32min 16sec), Seed: 1614007804796603400, Route: [19, 25, 7, 24, 26, 23, 27, 2, 18, 29, 9, 6, 20, 3, 5, 10, 14, 0, 21, 31, 4, 1, 13, 12, 22, 30, 15, 17, 16, 11, 8, 28]
Run: 23, Fitness: 29.058278365520167, Time: (Run: 1min 27sec, Total: 33min 43sec), Seed: 1614007888966786700, Route: [2, 18, 20, 29, 6, 9, 19, 28, 26, 23, 24, 25, 7, 8, 11, 16, 17, 15, 22, 30, 21, 31, 4, 12, 13, 1, 3, 0, 14, 10, 5, 27]
Run: 24, Fitness: 26.658958879963418, Time: (Run: 1min 34sec, Total: 35min 17sec), Seed: 1614007976039911100, Route: [19, 7, 8, 11, 16, 17, 15, 30, 22, 12, 13, 1, 4, 31, 21, 0, 14, 10, 5, 18, 29, 9, 6, 3, 20, 2, 27, 25, 24, 23, 26, 28]
Run: 25, Fitness: 30.06791610774112, Time: (Run: 9min 17sec, Total: 44min 34sec), Seed: 1614008069958377500, Route: [11, 16, 17, 15, 30, 22, 12, 13, 1, 4, 31, 21, 0, 14, 5, 10, 8, 26, 28, 19, 2, 18, 3, 20, 6, 9, 29, 27, 25, 7, 24, 23]
Run: 26, Fitness: 29.418729711644538, Time: (Run: 1min 29sec, Total: 46min 3sec), Seed: 1614008626524917100, Route: [19, 27, 2, 18, 5, 10, 14, 0, 3, 1, 13, 12, 22, 15, 17, 16, 11, 30, 4, 31, 21, 8, 7, 25, 24, 23, 26, 28, 29, 20, 6, 9]
Run: 27, Fitness: 30.193266384959966, Time: (Run: 1min 40sec, Total: 47min 43sec), Seed: 1614008715465926800, Route: [19, 18, 5, 10, 0, 3, 20, 6, 9, 29, 2, 27, 25, 7, 24, 23, 28, 26, 8, 14, 21, 31, 4, 1, 13, 12, 22, 30, 15, 17, 16, 11]
Run: 28, Fitness: 27.569203237094783, Time: (Run: 1min 39sec, Total: 49min 22sec), Seed: 1614008815564042800, Route: [18, 5, 10, 14, 0, 21, 31, 4, 30, 11, 16, 17, 15, 22, 12, 13, 1, 3, 20, 6, 9, 19, 28, 26, 23, 24, 8, 7, 25, 27, 2, 29]
Run: 29, Fitness: 25.709822944363008, Time: (Run: 1min 42sec, Total: 51min 3sec), Seed: 1614008914107882400, Route: [29, 2, 18, 5, 10, 14, 0, 21, 31, 4, 30, 11, 16, 17, 15, 22, 12, 13, 1, 3, 20, 6, 9, 27, 25, 7, 8, 24, 23, 26, 28, 19]
Run: 30, Fitness: 29.236993737722706, Time: (Run: 1min 30sec, Total: 52min 34sec), Seed: 1614009015923452900, Route: [9, 6, 29, 20, 18, 2, 19, 28, 26, 23, 24, 25, 7, 8, 11, 16, 17, 15, 30, 22, 31, 0, 3, 1, 13, 12, 4, 21, 14, 10, 5, 27]
Run: 31, Fitness: 27.202043313599987, Time: (Run: 1min 28sec, Total: 54min 2sec), Seed: 1614009106304705800, Route: [19, 25, 7, 24, 8, 26, 28, 23, 27, 2, 18, 29, 9, 6, 20, 3, 5, 10, 14, 0, 21, 31, 4, 1, 13, 12, 22, 30, 15, 17, 16, 11]
Run: 32, Fitness: 27.392190289986402, Time: (Run: 1min 33sec, Total: 55min 35sec), Seed: 1614009194501828400, Route: [9, 6, 29, 2, 18, 20, 3, 5, 10, 11, 16, 17, 15, 30, 22, 12, 13, 1, 4, 31, 21, 0, 14, 27, 23, 28, 26, 8, 24, 7, 25, 19]
Run: 33, Fitness: 27.62107537365298, Time: (Run: 1min 30sec, Total: 57min 4sec), Seed: 1614009287488023100, Route: [20, 3, 1, 13, 12, 4, 0, 14, 21, 31, 11, 16, 17, 15, 22, 30, 10, 5, 18, 6, 9, 29, 2, 27, 25, 7, 8, 24, 23, 26, 28, 19]
Run: 34, Fitness: 27.910226958979564, Time: (Run: 1min 30sec, Total: 58min 34sec), Seed: 1614009377050833800, Route: [27, 11, 16, 17, 15, 30, 22, 31, 21, 14, 0, 4, 12, 13, 1, 3, 20, 5, 10, 18, 2, 29, 6, 9, 19, 23, 24, 25, 7, 8, 26, 28]
Run: 35, Fitness: 25.813817361169093, Time: (Run: 1min 24sec, Total: 59min 59sec), Seed: 1614009466704213400, Route: [19, 23, 24, 7, 25, 27, 2, 18, 29, 9, 6, 20, 3, 5, 10, 14, 0, 21, 31, 4, 1, 13, 12, 22, 30, 15, 17, 16, 11, 8, 26, 28]
Run: 36, Fitness: 31.17618109788725, Time: (Run: 1min 31sec, Total: 61min 30sec), Seed: 1614009551157584400, Route: [20, 3, 1, 13, 12, 4, 31, 21, 0, 14, 5, 10, 8, 26, 28, 23, 24, 7, 25, 27, 2, 29, 9, 6, 18, 30, 22, 15, 17, 16, 11, 19]
Run: 37, Fitness: 25.813817361169093, Time: (Run: 1min 28sec, Total: 62min 57sec), Seed: 1614009642157657500, Route: [19, 23, 24, 7, 25, 27, 2, 18, 29, 9, 6, 20, 3, 5, 10, 14, 0, 21, 31, 4, 1, 13, 12, 22, 30, 15, 17, 16, 11, 8, 26, 28]
Run: 38, Fitness: 29.43391791255111, Time: (Run: 1min 33sec, Total: 64min 30sec), Seed: 1614009729801635600, Route: [9, 6, 29, 27, 25, 7, 8, 24, 23, 26, 28, 19, 2, 18, 20, 3, 1, 13, 12, 4, 31, 0, 14, 21, 11, 16, 17, 15, 22, 30, 10, 5]
Run: 39, Fitness: 25.858289125562475, Time: (Run: 1min 31sec, Total: 66min 1sec), Seed: 1614009822453827800, Route: [6, 20, 3, 1, 13, 12, 22, 15, 17, 16, 11, 30, 4, 31, 21, 0, 14, 10, 5, 18, 2, 29, 9, 27, 25, 7, 8, 24, 23, 26, 28, 19]
Run: 40, Fitness: 28.337427229298918, Time: (Run: 1min 29sec, Total: 67min 30sec), Seed: 1614009913257442400, Route: [19, 27, 11, 16, 17, 15, 30, 22, 12, 13, 1, 3, 20, 18, 5, 10, 14, 0, 4, 31, 21, 2, 29, 6, 9, 28, 26, 8, 7, 25, 24, 23]
Run: 41, Fitness: 27.251111424728965, Time: (Run: 1min 29sec, Total: 68min 59sec), Seed: 1614010002178830400, Route: [19, 9, 6, 29, 2, 18, 20, 3, 1, 13, 12, 4, 31, 21, 0, 14, 5, 10, 11, 16, 30, 22, 15, 17, 8, 7, 24, 26, 28, 23, 25, 27]
Run: 42, Fitness: 30.379515250003575, Time: (Run: 1min 31sec, Total: 70min 30sec), Seed: 1614010091336426100, Route: [31, 4, 30, 15, 22, 12, 13, 1, 3, 20, 6, 9, 29, 2, 18, 5, 10, 14, 0, 21, 11, 16, 17, 27, 25, 7, 8, 24, 23, 26, 28, 19]
Run: 43, Fitness: 27.053596817903355, Time: (Run: 1min 31sec, Total: 72min 1sec), Seed: 1614010182573140000, Route: [28, 26, 23, 24, 8, 7, 25, 27, 11, 16, 17, 15, 30, 22, 31, 21, 14, 0, 4, 12, 13, 1, 3, 20, 5, 10, 18, 2, 29, 6, 9, 19]
Run: 44, Fitness: 30.515448235983254, Time: (Run: 1min 33sec, Total: 73min 33sec), Seed: 1614010273199171600, Route: [28, 26, 8, 17, 15, 22, 30, 16, 11, 7, 24, 23, 25, 27, 2, 18, 29, 9, 6, 20, 3, 0, 21, 31, 4, 12, 13, 1, 14, 10, 5, 19]
Run: 45, Fitness: 30.674648461781967, Time: (Run: 1min 35sec, Total: 75min 9sec), Seed: 1614010365884470600, Route: [28, 26, 8, 11, 16, 30, 22, 15, 17, 7, 24, 23, 25, 27, 2, 18, 29, 9, 6, 20, 3, 0, 14, 21, 31, 4, 12, 13, 1, 10, 5, 19]
Run: 46, Fitness: 25.75937544697535, Time: (Run: 1min 35sec, Total: 76min 44sec), Seed: 1614010461369538300, Route: [19, 27, 2, 18, 29, 9, 6, 20, 3, 1, 13, 12, 22, 15, 17, 16, 11, 30, 4, 31, 21, 0, 14, 10, 5, 25, 7, 8, 24, 23, 26, 28]
Run: 47, Fitness: 26.18578625749589, Time: (Run: 1min 27sec, Total: 78min 11sec), Seed: 1614010556857314500, Route: [19, 23, 8, 11, 16, 17, 15, 30, 22, 12, 13, 1, 4, 31, 21, 0, 14, 10, 5, 3, 20, 18, 2, 29, 6, 9, 27, 25, 7, 24, 26, 28]
Run: 48, Fitness: 27.10096340066742, Time: (Run: 1min 27sec, Total: 79min 38sec), Seed: 1614010643597060900, Route: [19, 28, 26, 23, 24, 8, 7, 25, 27, 2, 29, 9, 6, 20, 18, 5, 10, 14, 21, 31, 4, 0, 3, 1, 13, 12, 22, 30, 15, 17, 16, 11]
Run: 49, Fitness: 28.791821979466025, Time: (Run: 1min 34sec, Total: 81min 12sec), Seed: 1614010730900084900, Route: [29, 20, 3, 1, 13, 12, 4, 31, 0, 14, 21, 11, 16, 17, 15, 22, 30, 10, 5, 18, 2, 27, 25, 7, 8, 24, 23, 26, 28, 19, 6, 9]
Run: 50, Fitness: 28.25795686384094, Time: (Run: 1min 30sec, Total: 82min 42sec), Seed: 1614010825032407500, Route: [19, 11, 16, 17, 15, 30, 22, 12, 13, 1, 4, 31, 21, 0, 14, 10, 5, 3, 20, 18, 2, 27, 25, 7, 8, 24, 23, 26, 28, 29, 6, 9]
Run: 51, Fitness: 27.87103288332049, Time: (Run: 1min 33sec, Total: 84min 15sec), Seed: 1614010914947603500, Route: [27, 2, 29, 9, 6, 20, 18, 5, 10, 11, 16, 30, 4, 31, 21, 14, 0, 3, 1, 13, 12, 22, 15, 17, 8, 7, 25, 24, 23, 26, 28, 19]
Run: 52, Fitness: 29.502520720248857, Time: (Run: 8min 33sec, Total: 92min 48sec), Seed: 1614011007688755300, Route: [19, 27, 31, 4, 1, 13, 12, 22, 30, 10, 5, 18, 2, 29, 9, 6, 20, 3, 0, 14, 21, 15, 17, 16, 11, 8, 7, 25, 24, 23, 26, 28]
Run: 53, Fitness: 29.763932641116483, Time: (Run: 1min 41sec, Total: 94min 29sec), Seed: 1614011520831020000, Route: [28, 23, 26, 8, 17, 15, 30, 22, 12, 13, 1, 4, 31, 21, 14, 0, 3, 5, 10, 11, 16, 7, 24, 25, 27, 2, 18, 20, 29, 6, 9, 19]
Run: 54, Fitness: 31.721861092580014, Time: (Run: 1min 41sec, Total: 96min 11sec), Seed: 1614011621813547100, Route: [19, 9, 6, 29, 2, 11, 16, 15, 17, 8, 7, 24, 26, 28, 23, 25, 27, 18, 20, 3, 5, 10, 14, 0, 21, 31, 4, 1, 13, 12, 22, 30]
Run: 55, Fitness: 27.796844108544867, Time: (Run: 1min 44sec, Total: 97min 54sec), Seed: 1614011723227610600, Route: [19, 9, 6, 29, 2, 11, 16, 17, 15, 30, 22, 12, 13, 1, 3, 20, 18, 5, 14, 0, 4, 31, 21, 10, 27, 25, 7, 8, 24, 23, 26, 28]
Run: 56, Fitness: 25.85828912556248, Time: (Run: 1min 41sec, Total: 99min 35sec), Seed: 1614011826940632200, Route: [19, 28, 26, 23, 24, 8, 7, 25, 27, 9, 29, 2, 18, 5, 10, 14, 0, 21, 31, 4, 30, 11, 16, 17, 15, 22, 12, 13, 1, 3, 20, 6]
Run: 57, Fitness: 28.0856611778557, Time: (Run: 1min 33sec, Total: 101min 9sec), Seed: 1614011927977233000, Route: [5, 10, 14, 0, 21, 31, 4, 30, 11, 16, 17, 15, 22, 12, 13, 1, 3, 20, 29, 6, 9, 19, 28, 26, 23, 24, 8, 7, 25, 27, 18, 2]
Run: 58, Fitness: 28.828720150611527, Time: (Run: 1min 31sec, Total: 102min 39sec), Seed: 1614012021086263400, Route: [20, 3, 1, 13, 0, 14, 21, 31, 4, 12, 22, 30, 15, 17, 16, 11, 10, 5, 18, 2, 27, 25, 7, 8, 24, 23, 26, 28, 19, 29, 6, 9]
Run: 59, Fitness: 26.541139547690513, Time: (Run: 1min 29sec, Total: 104min 8sec), Seed: 1614012112034093200, Route: [19, 28, 26, 23, 24, 8, 7, 25, 27, 2, 29, 9, 6, 20, 18, 5, 10, 14, 0, 21, 31, 4, 30, 11, 16, 17, 15, 22, 12, 13, 1, 3]
Run: 60, Fitness: 25.224572633993, Time: (Run: 1min 29sec, Total: 105min 37sec), Seed: 1614012200975826600, Route: [19, 27, 9, 6, 29, 2, 18, 20, 3, 5, 10, 14, 0, 21, 31, 4, 1, 13, 12, 22, 30, 15, 17, 16, 11, 8, 7, 25, 24, 23, 26, 28]
Run: 61, Fitness: 26.765072035567513, Time: (Run: 1min 36sec, Total: 107min 13sec), Seed: 1614012289653345100, Route: [19, 8, 11, 16, 17, 15, 30, 22, 12, 13, 1, 4, 31, 21, 0, 14, 10, 5, 18, 2, 29, 20, 3, 6, 9, 27, 25, 7, 24, 23, 26, 28]
Run: 62, Fitness: 27.019353925574272, Time: (Run: 1min 27sec, Total: 108min 40sec), Seed: 1614012385230388900, Route: [19, 28, 26, 23, 24, 8, 7, 25, 27, 2, 18, 20, 3, 5, 10, 14, 0, 21, 31, 4, 1, 13, 12, 22, 30, 15, 17, 16, 11, 29, 6, 9]
Run: 63, Fitness: 28.25011989334458, Time: (Run: 1min 27sec, Total: 110min 7sec), Seed: 1614012472477643300, Route: [27, 2, 18, 20, 3, 1, 13, 12, 4, 0, 14, 5, 10, 21, 31, 22, 30, 15, 17, 16, 11, 8, 7, 25, 24, 23, 26, 28, 19, 29, 6, 9]
Run: 64, Fitness: 29.613076786499853, Time: (Run: 1min 37sec, Total: 111min 43sec), Seed: 1614012559085709300, Route: [28, 26, 23, 24, 7, 25, 27, 9, 6, 20, 29, 2, 18, 5, 10, 14, 21, 31, 11, 16, 30, 4, 0, 3, 1, 13, 12, 22, 15, 17, 8, 19]
Run: 65, Fitness: 29.508458974075523, Time: (Run: 8min 20sec, Total: 120min 3sec), Seed: 1614012656040994700, Route: [28, 26, 23, 24, 25, 5, 10, 14, 0, 3, 20, 6, 9, 29, 2, 27, 7, 8, 11, 16, 17, 15, 30, 22, 12, 13, 1, 4, 31, 21, 18, 19]
Run: 66, Fitness: 26.663049649843227, Time: (Run: 1min 29sec, Total: 121min 32sec), Seed: 1614013155859646000, Route: [19, 28, 26, 23, 24, 8, 7, 25, 27, 2, 18, 29, 9, 6, 20, 3, 5, 10, 14, 0, 21, 31, 4, 1, 13, 12, 22, 30, 15, 17, 16, 11]
Run: 67, Fitness: 27.771856920131196, Time: (Run: 1min 27sec, Total: 122min 59sec), Seed: 1614013244535582100, Route: [24, 8, 7, 25, 27, 20, 3, 0, 14, 21, 31, 4, 1, 13, 12, 22, 30, 15, 17, 16, 11, 10, 5, 18, 2, 29, 6, 9, 19, 23, 26, 28]
Run: 68, Fitness: 27.122966169604894, Time: (Run: 1min 38sec, Total: 124min 38sec), Seed: 1614013331728235200, Route: [23, 24, 25, 7, 8, 26, 28, 19, 2, 18, 29, 9, 6, 20, 3, 5, 10, 14, 0, 21, 31, 4, 1, 13, 12, 22, 30, 15, 17, 16, 11, 27]
Run: 69, Fitness: 27.379256282562295, Time: (Run: 1min 32sec, Total: 126min 10sec), Seed: 1614013430254791100, Route: [19, 9, 6, 29, 25, 7, 27, 2, 18, 20, 3, 5, 10, 14, 0, 21, 31, 4, 1, 13, 12, 22, 30, 15, 17, 16, 11, 8, 24, 23, 26, 28]
Run: 70, Fitness: 30.563268780163998, Time: (Run: 1min 36sec, Total: 127min 45sec), Seed: 1614013522073718700, Route: [17, 15, 22, 13, 1, 12, 30, 16, 11, 4, 31, 21, 14, 0, 3, 20, 6, 9, 29, 2, 18, 5, 10, 27, 19, 25, 7, 8, 24, 23, 26, 28]
Run: 71, Fitness: 25.09502510804136, Time: (Run: 1min 34sec, Total: 129min 19sec), Seed: 1614013617796892700, Route: [28, 26, 23, 24, 25, 7, 8, 11, 16, 17, 15, 30, 22, 12, 13, 1, 4, 31, 21, 0, 14, 10, 5, 3, 20, 6, 9, 29, 18, 2, 27, 19]
Run: 72, Fitness: 29.58317974118276, Time: (Run: 1min 36sec, Total: 130min 56sec), Seed: 1614013711834656100, Route: [9, 6, 29, 20, 5, 10, 18, 2, 27, 19, 28, 26, 23, 24, 25, 7, 8, 11, 16, 17, 15, 30, 22, 12, 4, 31, 21, 14, 0, 13, 1, 3]
Run: 73, Fitness: 25.93908507151492, Time: (Run: 1min 33sec, Total: 132min 28sec), Seed: 1614013808284448500, Route: [19, 25, 27, 2, 18, 29, 9, 6, 20, 3, 5, 10, 14, 0, 21, 31, 4, 1, 13, 12, 22, 30, 15, 17, 16, 11, 8, 7, 24, 23, 26, 28]
Run: 74, Fitness: 28.207324913586962, Time: (Run: 1min 47sec, Total: 134min 15sec), Seed: 1614013901062424000, Route: [14, 0, 21, 31, 4, 1, 13, 12, 22, 30, 15, 17, 16, 11, 10, 5, 18, 3, 20, 9, 29, 6, 2, 27, 25, 7, 8, 24, 23, 26, 28, 19]
Run: 75, Fitness: 29.30411051047566, Time: (Run: 1min 36sec, Total: 135min 51sec), Seed: 1614014007612892800, Route: [19, 11, 16, 17, 15, 22, 30, 29, 9, 6, 18, 5, 10, 14, 0, 21, 31, 4, 12, 13, 1, 3, 20, 2, 27, 25, 7, 8, 24, 23, 26, 28]
Run: 76, Fitness: 29.56359714145606, Time: (Run: 1min 40sec, Total: 137min 31sec), Seed: 1614014103842212100, Route: [19, 28, 26, 24, 7, 25, 27, 11, 16, 30, 31, 21, 14, 10, 5, 18, 2, 29, 9, 6, 20, 3, 0, 4, 1, 13, 12, 22, 15, 17, 8, 23]
Run: 77, Fitness: 30.32016619405785, Time: (Run: 1min 37sec, Total: 139min 8sec), Seed: 1614014203515603700, Route: [9, 6, 29, 20, 3, 5, 10, 18, 2, 19, 28, 26, 23, 24, 25, 7, 8, 11, 16, 17, 30, 31, 21, 14, 0, 4, 1, 13, 12, 22, 15, 27]
Run: 78, Fitness: 28.206627032181558, Time: (Run: 1min 37sec, Total: 140min 45sec), Seed: 1614014300636758500, Route: [19, 25, 7, 24, 8, 11, 16, 17, 15, 30, 22, 12, 13, 1, 4, 31, 21, 0, 14, 10, 5, 3, 20, 6, 9, 28, 26, 23, 27, 2, 18, 29]
Run: 79, Fitness: 26.345501042219745, Time: (Run: 1min 41sec, Total: 142min 26sec), Seed: 1614014397931817900, Route: [28, 26, 23, 24, 8, 7, 25, 27, 2, 29, 9, 6, 20, 18, 5, 10, 14, 0, 21, 31, 4, 30, 11, 16, 17, 15, 22, 12, 13, 1, 3, 19]
Run: 80, Fitness: 29.046848896973735, Time: (Run: 1min 30sec, Total: 143min 57sec), Seed: 1614014498897138700, Route: [11, 16, 17, 15, 30, 22, 12, 13, 1, 4, 31, 21, 14, 0, 3, 20, 2, 27, 23, 28, 26, 8, 24, 7, 25, 10, 5, 18, 29, 6, 9, 19]
Run: 81, Fitness: 28.314322712946957, Time: (Run: 1min 41sec, Total: 145min 38sec), Seed: 1614014589276090200, Route: [23, 24, 7, 25, 27, 2, 18, 29, 9, 6, 20, 3, 5, 10, 14, 0, 21, 31, 30, 11, 16, 17, 15, 22, 12, 13, 1, 4, 8, 26, 28, 19]
Run: 82, Fitness: 28.93197031498822, Time: (Run: 1min 41sec, Total: 147min 18sec), Seed: 1614014690331832900, Route: [19, 28, 26, 23, 24, 8, 7, 25, 27, 9, 6, 29, 2, 18, 20, 3, 5, 10, 14, 0, 21, 31, 4, 30, 11, 16, 17, 15, 22, 12, 13, 1]
Run: 83, Fitness: 26.663049649843227, Time: (Run: 1min 39sec, Total: 148min 58sec), Seed: 1614014790887007600, Route: [19, 28, 26, 23, 24, 8, 7, 25, 27, 2, 18, 29, 9, 6, 20, 3, 5, 10, 14, 0, 21, 31, 4, 1, 13, 12, 22, 30, 15, 17, 16, 11]
Run: 84, Fitness: 26.19315101026369, Time: (Run: 1min 34sec, Total: 150min 32sec), Seed: 1614014890097164500, Route: [19, 28, 26, 23, 24, 25, 7, 8, 11, 16, 17, 15, 30, 22, 12, 13, 1, 4, 31, 21, 10, 5, 14, 0, 3, 20, 18, 2, 29, 6, 9, 27]
Run: 85, Fitness: 27.31612386507709, Time: (Run: 1min 41sec, Total: 152min 13sec), Seed: 1614014984556939000, Route: [28, 26, 23, 24, 8, 7, 25, 27, 2, 29, 9, 6, 18, 11, 16, 17, 15, 30, 22, 12, 13, 1, 4, 31, 21, 0, 14, 10, 5, 3, 20, 19]
Run: 86, Fitness: 26.030037910619285, Time: (Run: 1min 34sec, Total: 153min 47sec), Seed: 1614015085563781300, Route: [19, 28, 26, 23, 24, 8, 7, 25, 27, 9, 6, 29, 2, 18, 5, 10, 14, 0, 21, 31, 4, 30, 11, 16, 17, 15, 22, 12, 13, 1, 3, 20]
Run: 87, Fitness: 25.813817361169093, Time: (Run: 1min 20sec, Total: 155min 7sec), Seed: 1614015179324338500, Route: [19, 23, 24, 7, 25, 27, 2, 18, 29, 9, 6, 20, 3, 5, 10, 14, 0, 21, 31, 4, 1, 13, 12, 22, 30, 15, 17, 16, 11, 8, 26, 28]
Run: 88, Fitness: 27.960217964415317, Time: (Run: 1min 33sec, Total: 156min 41sec), Seed: 1614015259772213500, Route: [23, 24, 25, 27, 2, 18, 5, 10, 11, 16, 17, 15, 30, 22, 31, 21, 14, 0, 4, 12, 13, 1, 3, 20, 6, 9, 29, 7, 8, 26, 28, 19]
Run: 89, Fitness: 26.834125395803774, Time: (Run: 1min 36sec, Total: 158min 17sec), Seed: 1614015353144686600, Route: [19, 28, 26, 23, 24, 25, 7, 8, 11, 16, 17, 15, 22, 30, 21, 31, 4, 12, 13, 1, 3, 0, 14, 10, 5, 18, 20, 6, 9, 29, 2, 27]
Run: 90, Fitness: 26.663049649843227, Time: (Run: 1min 33sec, Total: 159min 49sec), Seed: 1614015449194208300, Route: [19, 28, 26, 23, 24, 8, 7, 25, 27, 2, 18, 29, 9, 6, 20, 3, 5, 10, 14, 0, 21, 31, 4, 1, 13, 12, 22, 30, 15, 17, 16, 11]
Run: 91, Fitness: 29.478918853598152, Time: (Run: 1min 32sec, Total: 161min 21sec), Seed: 1614015542055417500, Route: [9, 6, 29, 18, 2, 27, 25, 7, 24, 23, 28, 26, 8, 10, 5, 14, 0, 4, 12, 22, 30, 15, 17, 16, 11, 21, 31, 13, 1, 3, 20, 19]
Run: 92, Fitness: 26.724065708030448, Time: (Run: 2min 11sec, Total: 163min 32sec), Seed: 1614015633889469800, Route: [28, 26, 23, 24, 8, 7, 25, 27, 2, 18, 5, 10, 14, 0, 4, 12, 22, 30, 15, 17, 16, 11, 21, 31, 13, 1, 3, 20, 29, 6, 9, 19]
Run: 93, Fitness: 26.093781553863614, Time: (Run: 1min 49sec, Total: 165min 21sec), Seed: 1614015764645208300, Route: [28, 26, 23, 24, 25, 27, 2, 18, 29, 9, 6, 20, 3, 5, 10, 14, 0, 21, 31, 4, 1, 13, 12, 22, 30, 15, 17, 16, 11, 8, 7, 19]
Run: 94, Fitness: 28.01005319026313, Time: (Run: 2min 7sec, Total: 167min 28sec), Seed: 1614015873600023600, Route: [28, 26, 23, 24, 8, 7, 25, 27, 2, 18, 29, 9, 6, 20, 3, 5, 10, 14, 0, 21, 31, 30, 11, 16, 17, 15, 22, 12, 13, 1, 4, 19]
Run: 95, Fitness: 25.151658927529585, Time: (Run: 2min 0sec, Total: 169min 28sec), Seed: 1614016000477059700, Route: [9, 6, 29, 20, 3, 1, 13, 12, 22, 15, 17, 16, 11, 30, 4, 31, 21, 0, 14, 10, 5, 18, 2, 27, 25, 7, 8, 24, 23, 26, 28, 19]
Run: 96, Fitness: 25.475929884883115, Time: (Run: 1min 50sec, Total: 171min 19sec), Seed: 1614016120835465900, Route: [19, 9, 6, 18, 5, 10, 14, 0, 21, 31, 4, 30, 11, 16, 17, 15, 22, 12, 13, 1, 3, 20, 29, 2, 27, 25, 7, 8, 24, 23, 26, 28]
Run: 97, Fitness: 29.1715184629722, Time: (Run: 1min 50sec, Total: 173min 9sec), Seed: 1614016231188646800, Route: [27, 2, 18, 10, 5, 3, 1, 13, 12, 22, 15, 17, 16, 11, 30, 4, 31, 21, 0, 14, 8, 7, 25, 24, 23, 26, 28, 19, 9, 6, 20, 29]
Run: 98, Fitness: 28.716994216240142, Time: (Run: 1min 46sec, Total: 174min 55sec), Seed: 1614016341381932200, Route: [19, 9, 6, 29, 20, 18, 2, 27, 25, 7, 24, 23, 28, 26, 8, 11, 16, 17, 15, 30, 22, 12, 13, 1, 3, 5, 10, 14, 0, 4, 31, 21]
Run: 99, Fitness: 29.371298499803483, Time: (Run: 1min 52sec, Total: 176min 48sec), Seed: 1614016447653378900, Route: [19, 23, 24, 25, 7, 8, 17, 15, 22, 30, 16, 11, 2, 29, 9, 6, 18, 5, 10, 14, 0, 21, 31, 4, 12, 13, 1, 3, 20, 27, 26, 28]
Run: 100, Fitness: 24.989016620819708, Time: (Run: 1min 41sec, Total: 178min 29sec), Seed: 1614016560081876300, Route: [28, 26, 23, 24, 8, 7, 25, 27, 2, 18, 5, 10, 14, 0, 21, 31, 4, 30, 11, 16, 17, 15, 22, 12, 13, 1, 3, 20, 29, 6, 9, 19]
Run: 101, Fitness: 26.02181307548855, Time: (Run: 1min 35sec, Total: 180min 4sec), Seed: 1614016661610534500, Route: [19, 25, 7, 24, 8, 11, 16, 17, 15, 30, 22, 12, 13, 1, 4, 31, 21, 0, 14, 10, 5, 3, 20, 6, 9, 29, 18, 2, 27, 23, 26, 28]
Run: 102, Fitness: 27.596384275645164, Time: (Run: 1min 43sec, Total: 181min 47sec), Seed: 1614016757053371100, Route: [19, 5, 10, 14, 0, 21, 31, 4, 1, 13, 12, 22, 30, 15, 17, 16, 11, 8, 7, 25, 24, 26, 28, 23, 27, 2, 18, 3, 20, 29, 6, 9]
Run: 103, Fitness: 27.642945380694268, Time: (Run: 1min 48sec, Total: 183min 36sec), Seed: 1614016859925332800, Route: [19, 2, 18, 20, 3, 1, 13, 12, 4, 31, 21, 0, 14, 5, 10, 30, 22, 15, 17, 16, 11, 8, 26, 28, 23, 24, 7, 25, 27, 29, 6, 9]
Run: 104, Fitness: 28.953806229470267, Time: (Run: 1min 48sec, Total: 185min 24sec), Seed: 1614016968126953500, Route: [19, 9, 6, 20, 3, 0, 31, 21, 14, 10, 5, 18, 29, 2, 27, 11, 16, 17, 15, 30, 22, 12, 13, 1, 4, 8, 7, 25, 24, 23, 26, 28]
Run: 105, Fitness: 26.345501042219745, Time: (Run: 1min 41sec, Total: 187min 5sec), Seed: 1614017076329028000, Route: [28, 26, 23, 24, 8, 7, 25, 27, 2, 29, 9, 6, 20, 18, 5, 10, 14, 0, 21, 31, 4, 30, 11, 16, 17, 15, 22, 12, 13, 1, 3, 19]
Run: 106, Fitness: 30.76901565918561, Time: (Run: 1min 52sec, Total: 188min 57sec), Seed: 1614017177362658900, Route: [19, 9, 6, 29, 2, 18, 20, 3, 5, 10, 14, 0, 31, 21, 25, 7, 24, 23, 28, 26, 8, 4, 1, 13, 12, 22, 30, 15, 17, 16, 11, 27]
Run: 107, Fitness: 27.642945380694275, Time: (Run: 1min 48sec, Total: 190min 45sec), Seed: 1614017289464387200, Route: [9, 6, 29, 27, 25, 7, 24, 23, 28, 26, 8, 11, 16, 17, 15, 22, 30, 10, 5, 14, 0, 21, 31, 4, 12, 13, 1, 3, 20, 18, 2, 19]
Run: 108, Fitness: 30.898982265499455, Time: (Run: 2min 12sec, Total: 192min 57sec), Seed: 1614017397935079500, Route: [23, 25, 27, 2, 20, 3, 1, 13, 12, 22, 15, 30, 4, 31, 21, 0, 14, 10, 5, 18, 29, 6, 9, 19, 28, 26, 24, 7, 8, 17, 16, 11]
Run: 109, Fitness: 26.279320831830713, Time: (Run: 2min 38sec, Total: 195min 36sec), Seed: 1614017529786863800, Route: [19, 28, 26, 23, 24, 8, 7, 25, 27, 2, 29, 9, 6, 20, 3, 0, 14, 21, 31, 4, 1, 13, 12, 22, 30, 15, 17, 16, 11, 10, 5, 18]
Run: 110, Fitness: 30.28822430213542, Time: (Run: 2min 21sec, Total: 197min 57sec), Seed: 1614017688210592800, Route: [19, 27, 25, 7, 24, 23, 28, 26, 8, 11, 16, 17, 15, 30, 22, 31, 21, 14, 10, 5, 18, 2, 29, 9, 6, 20, 3, 0, 4, 1, 13, 12]
Run: 111, Fitness: 26.663049649843227, Time: (Run: 2min 5sec, Total: 200min 2sec), Seed: 1614017829500339100, Route: [19, 28, 26, 23, 24, 8, 7, 25, 27, 2, 18, 29, 9, 6, 20, 3, 5, 10, 14, 0, 21, 31, 4, 1, 13, 12, 22, 30, 15, 17, 16, 11]
Run: 112, Fitness: 26.359865202749813, Time: (Run: 2min 17sec, Total: 202min 19sec), Seed: 1614017954457610700, Route: [28, 26, 23, 24, 8, 7, 25, 27, 2, 18, 29, 9, 6, 20, 3, 5, 10, 14, 0, 21, 31, 4, 1, 13, 12, 22, 30, 15, 17, 16, 11, 19]
Run: 113, Fitness: 30.747557147898643, Time: (Run: 2min 23sec, Total: 204min 42sec), Seed: 1614018091685658000, Route: [27, 25, 24, 7, 16, 11, 20, 6, 9, 29, 2, 18, 5, 10, 14, 21, 31, 4, 0, 3, 1, 13, 12, 22, 30, 15, 17, 8, 26, 23, 28, 19]
Run: 114, Fitness: 29.279032054850255, Time: (Run: 2min 16sec, Total: 206min 58sec), Seed: 1614018234819311300, Route: [28, 26, 8, 14, 0, 21, 31, 4, 1, 13, 12, 22, 30, 15, 17, 16, 11, 10, 5, 3, 20, 18, 2, 23, 24, 7, 25, 27, 29, 6, 9, 19]
Run: 115, Fitness: 26.553364199721035, Time: (Run: 2min 13sec, Total: 209min 12sec), Seed: 1614018370784303500, Route: [19, 27, 25, 23, 28, 26, 24, 7, 8, 11, 16, 17, 15, 30, 22, 12, 13, 1, 4, 31, 21, 14, 0, 3, 20, 5, 10, 18, 2, 29, 6, 9]
Run: 116, Fitness: 26.489412728701442, Time: (Run: 2min 25sec, Total: 211min 37sec), Seed: 1614018504217003600, Route: [28, 26, 23, 24, 8, 7, 25, 27, 9, 6, 29, 2, 18, 20, 3, 5, 10, 14, 0, 21, 31, 4, 1, 13, 12, 22, 30, 15, 17, 16, 11, 19]
Run: 117, Fitness: 29.380501859184402, Time: (Run: 2min 55sec, Total: 214min 32sec), Seed: 1614018649095923500, Route: [19, 23, 24, 7, 25, 27, 2, 18, 29, 9, 6, 20, 3, 0, 21, 30, 15, 17, 16, 11, 10, 5, 14, 31, 4, 1, 13, 12, 22, 8, 26, 28]
Run: 118, Fitness: 25.283229385168074, Time: (Run: 2min 53sec, Total: 217min 24sec), Seed: 1614018824290857100, Route: [19, 9, 6, 29, 2, 18, 20, 3, 1, 13, 12, 22, 15, 17, 16, 11, 30, 4, 31, 21, 0, 14, 10, 5, 27, 25, 7, 8, 24, 23, 26, 28]
Run: 119, Fitness: 29.74081944124327, Time: (Run: 2min 57sec, Total: 220min 22sec), Seed: 1614018997047274500, Route: [19, 31, 4, 12, 13, 1, 3, 0, 14, 21, 11, 16, 17, 15, 22, 30, 10, 5, 18, 2, 29, 20, 6, 9, 27, 25, 7, 8, 24, 23, 26, 28]
Run: 120, Fitness: 28.90221185734822, Time: (Run: 2min 57sec, Total: 223min 19sec), Seed: 1614019174339225300, Route: [19, 28, 23, 26, 8, 30, 4, 31, 21, 0, 14, 10, 5, 18, 2, 27, 25, 24, 7, 11, 16, 17, 15, 22, 12, 13, 1, 3, 20, 29, 6, 9]
Run: 121, Fitness: 30.740430559269914, Time: (Run: 2min 43sec, Total: 226min 2sec), Seed: 1614019351526850500, Route: [6, 20, 3, 0, 31, 21, 14, 10, 5, 18, 2, 29, 9, 25, 7, 24, 23, 28, 26, 8, 11, 16, 30, 4, 1, 13, 12, 22, 15, 17, 27, 19]
Run: 122, Fitness: 29.776400424013126, Time: (Run: 2min 56sec, Total: 228min 58sec), Seed: 1614019514598858000, Route: [20, 3, 1, 13, 12, 4, 31, 21, 30, 22, 15, 17, 16, 11, 8, 7, 25, 24, 23, 26, 28, 19, 9, 6, 29, 2, 18, 5, 0, 14, 10, 27]
Run: 123, Fitness: 27.009810273945174, Time: (Run: 25min 22sec, Total: 254min 20sec), Seed: 1614019690576138100, Route: [3, 1, 13, 12, 22, 15, 17, 16, 11, 30, 4, 31, 21, 0, 14, 10, 5, 18, 2, 29, 20, 6, 9, 27, 25, 7, 8, 24, 23, 26, 28, 19]
Run: 124, Fitness: 27.631331467535166, Time: (Run: 1min 27sec, Total: 255min 47sec), Seed: 1614021213034813900, Route: [19, 23, 24, 25, 27, 2, 29, 9, 6, 20, 18, 5, 10, 14, 0, 21, 31, 4, 30, 11, 16, 17, 15, 22, 12, 13, 1, 3, 7, 8, 26, 28]
Run: 125, Fitness: 30.83905119882496, Time: (Run: 1min 30sec, Total: 257min 17sec), Seed: 1614021299639329700, Route: [28, 26, 23, 24, 27, 2, 29, 18, 5, 10, 14, 0, 21, 31, 4, 30, 15, 17, 16, 11, 8, 7, 25, 9, 6, 20, 3, 1, 13, 12, 22, 19]
Run: 126, Fitness: 26.50475459641624, Time: (Run: 1min 41sec, Total: 258min 58sec), Seed: 1614021389823613400, Route: [28, 26, 23, 24, 8, 7, 25, 27, 2, 20, 3, 0, 21, 30, 11, 16, 17, 15, 22, 12, 13, 1, 4, 31, 14, 10, 5, 18, 29, 6, 9, 19]
Run: 127, Fitness: 27.375599511836608, Time: (Run: 1min 30sec, Total: 260min 28sec), Seed: 1614021490473406700, Route: [28, 26, 8, 11, 16, 17, 15, 30, 22, 12, 13, 1, 4, 31, 21, 0, 14, 10, 5, 3, 20, 18, 2, 27, 25, 7, 24, 23, 29, 6, 9, 19]
Run: 128, Fitness: 29.091693074012326, Time: (Run: 1min 36sec, Total: 262min 4sec), Seed: 1614021580321267300, Route: [27, 22, 12, 13, 1, 4, 31, 14, 10, 5, 18, 2, 29, 9, 6, 20, 3, 0, 21, 30, 15, 17, 16, 11, 8, 7, 25, 24, 23, 26, 28, 19]
Run: 129, Fitness: 25.224572633993, Time: (Run: 1min 24sec, Total: 263min 28sec), Seed: 1614021676558170400, Route: [19, 27, 9, 6, 29, 2, 18, 20, 3, 5, 10, 14, 0, 21, 31, 4, 1, 13, 12, 22, 30, 15, 17, 16, 11, 8, 7, 25, 24, 23, 26, 28]
Run: 130, Fitness: 26.754139696386254, Time: (Run: 1min 30sec, Total: 264min 58sec), Seed: 1614021760294462500, Route: [28, 26, 23, 24, 8, 7, 25, 27, 5, 10, 14, 0, 21, 31, 4, 1, 13, 12, 22, 30, 15, 17, 16, 11, 3, 20, 18, 2, 29, 6, 9, 19]
Run: 131, Fitness: 29.75067658152088, Time: (Run: 1min 32sec, Total: 266min 30sec), Seed: 1614021850079315100, Route: [27, 10, 21, 31, 30, 11, 16, 17, 15, 22, 4, 0, 14, 5, 18, 2, 29, 9, 6, 20, 3, 1, 13, 12, 8, 7, 25, 24, 23, 26, 28, 19]
Run: 132, Fitness: 28.71548375395941, Time: (Run: 1min 30sec, Total: 267min 60sec), Seed: 1614021942302742600, Route: [28, 26, 23, 24, 25, 7, 8, 17, 15, 30, 22, 12, 13, 1, 4, 31, 21, 14, 0, 3, 20, 18, 5, 10, 11, 16, 27, 2, 29, 6, 9, 19]
Run: 133, Fitness: 28.448930034015493, Time: (Run: 1min 33sec, Total: 269min 33sec), Seed: 1614022032391911100, Route: [17, 15, 22, 30, 16, 11, 21, 14, 0, 31, 4, 12, 13, 1, 3, 5, 10, 18, 20, 6, 9, 29, 2, 27, 25, 7, 8, 24, 23, 26, 28, 19]
Run: 134, Fitness: 28.492777213909527, Time: (Run: 1min 28sec, Total: 271min 1sec), Seed: 1614022125806660500, Route: [28, 26, 24, 7, 25, 27, 9, 6, 29, 2, 18, 20, 3, 5, 10, 14, 0, 21, 31, 30, 11, 16, 17, 15, 22, 12, 13, 1, 4, 8, 23, 19]
Run: 135, Fitness: 27.67992763872381, Time: (Run: 1min 36sec, Total: 272min 38sec), Seed: 1614022213969762300, Route: [19, 28, 26, 23, 24, 25, 7, 8, 31, 4, 1, 13, 12, 22, 15, 17, 16, 11, 30, 21, 0, 14, 10, 5, 18, 3, 20, 6, 9, 29, 2, 27]
Run: 136, Fitness: 28.19028550986363, Time: (Run: 1min 30sec, Total: 274min 8sec), Seed: 1614022310090089100, Route: [9, 20, 3, 0, 14, 21, 31, 4, 1, 13, 12, 22, 30, 15, 17, 16, 11, 8, 7, 24, 26, 28, 23, 25, 10, 5, 18, 6, 29, 2, 27, 19]
Run: 137, Fitness: 25.151658927529585, Time: (Run: 1min 27sec, Total: 275min 35sec), Seed: 1614022400545855100, Route: [9, 6, 29, 20, 3, 1, 13, 12, 22, 15, 17, 16, 11, 30, 4, 31, 21, 0, 14, 10, 5, 18, 2, 27, 25, 7, 8, 24, 23, 26, 28, 19]
Run: 138, Fitness: 28.623551675170667, Time: (Run: 1min 30sec, Total: 277min 6sec), Seed: 1614022487645215500, Route: [8, 11, 16, 17, 15, 30, 22, 12, 13, 1, 4, 31, 21, 0, 14, 10, 5, 27, 25, 7, 24, 23, 26, 28, 19, 9, 6, 29, 20, 3, 18, 2]
Run: 139, Fitness: 30.331390917535273, Time: (Run: 1min 34sec, Total: 278min 39sec), Seed: 1614022578068994900, Route: [28, 26, 8, 11, 16, 17, 15, 30, 22, 4, 31, 21, 0, 14, 10, 5, 18, 2, 29, 6, 9, 27, 23, 24, 7, 25, 12, 13, 1, 3, 20, 19]
Run: 140, Fitness: 28.07944796383247, Time: (Run: 1min 36sec, Total: 280min 15sec), Seed: 1614022671795467900, Route: [19, 23, 24, 7, 25, 27, 2, 18, 29, 9, 6, 20, 3, 5, 10, 14, 0, 21, 30, 11, 16, 17, 15, 22, 12, 13, 1, 4, 31, 8, 26, 28]
Run: 141, Fitness: 26.663049649843227, Time: (Run: 1min 27sec, Total: 281min 42sec), Seed: 1614022767935990600, Route: [19, 28, 26, 23, 24, 8, 7, 25, 27, 2, 18, 29, 9, 6, 20, 3, 5, 10, 14, 0, 21, 31, 4, 1, 13, 12, 22, 30, 15, 17, 16, 11]
Run: 142, Fitness: 30.654664234037114, Time: (Run: 1min 36sec, Total: 283min 18sec), Seed: 1614022854471322400, Route: [19, 28, 23, 26, 8, 11, 16, 17, 15, 30, 22, 12, 4, 31, 21, 0, 14, 10, 5, 18, 2, 29, 6, 9, 27, 25, 24, 7, 13, 1, 3, 20]
Run: 143, Fitness: 27.715520631657963, Time: (Run: 1min 39sec, Total: 284min 57sec), Seed: 1614022950605152900, Route: [19, 29, 2, 18, 5, 10, 27, 25, 7, 24, 23, 28, 26, 8, 11, 16, 17, 15, 30, 22, 31, 21, 14, 0, 4, 12, 13, 1, 3, 20, 6, 9]
Run: 144, Fitness: 25.943005319919873, Time: (Run: 1min 28sec, Total: 286min 25sec), Seed: 1614023049441559300, Route: [9, 6, 29, 2, 18, 20, 3, 5, 10, 14, 0, 21, 31, 4, 1, 13, 12, 22, 30, 15, 17, 16, 11, 27, 25, 7, 8, 24, 23, 26, 28, 19]
Run: 145, Fitness: 32.023022304093935, Time: (Run: 1min 24sec, Total: 287min 49sec), Seed: 1614023137526753300, Route: [20, 3, 1, 13, 12, 22, 15, 30, 4, 31, 21, 0, 14, 5, 10, 8, 26, 28, 23, 24, 7, 25, 27, 9, 6, 29, 2, 18, 11, 16, 17, 19]
Run: 146, Fitness: 30.327866412917643, Time: (Run: 1min 41sec, Total: 289min 31sec), Seed: 1614023222018166000, Route: [19, 18, 5, 10, 14, 0, 3, 1, 13, 12, 22, 15, 17, 16, 11, 30, 4, 31, 21, 8, 24, 7, 25, 27, 29, 9, 6, 20, 2, 23, 26, 28]
Run: 147, Fitness: 27.319218152557493, Time: (Run: 1min 24sec, Total: 290min 55sec), Seed: 1614023323207634600, Route: [28, 26, 23, 24, 8, 7, 25, 27, 2, 18, 29, 9, 6, 20, 3, 1, 13, 12, 4, 31, 21, 0, 14, 5, 10, 30, 22, 15, 17, 16, 11, 19]
Run: 148, Fitness: 28.513429755990245, Time: (Run: 1min 38sec, Total: 292min 33sec), Seed: 1614023407276790700, Route: [19, 27, 11, 16, 30, 21, 0, 3, 20, 6, 9, 29, 2, 18, 5, 10, 14, 31, 4, 1, 13, 12, 22, 15, 17, 8, 7, 25, 24, 23, 26, 28]
Run: 149, Fitness: 25.924884282692396, Time: (Run: 2min 29sec, Total: 295min 2sec), Seed: 1614023505172516100, Route: [19, 27, 9, 6, 29, 2, 10, 5, 18, 20, 3, 0, 14, 21, 31, 4, 1, 13, 12, 22, 30, 15, 17, 16, 11, 8, 7, 25, 24, 23, 26, 28]
Run: 150, Fitness: 27.40044477779577, Time: (Run: 2min 57sec, Total: 297min 59sec), Seed: 1614023654501320000, Route: [28, 26, 23, 24, 7, 25, 27, 2, 29, 9, 6, 20, 18, 10, 5, 3, 1, 13, 12, 4, 31, 0, 14, 21, 30, 22, 15, 17, 16, 11, 8, 19]
Run: 151, Fitness: 25.65301963958249, Time: (Run: 2min 38sec, Total: 300min 37sec), Seed: 1614023831552460600, Route: [19, 28, 26, 23, 24, 8, 7, 25, 27, 2, 29, 9, 6, 20, 3, 1, 13, 12, 22, 15, 17, 16, 11, 30, 4, 31, 21, 0, 14, 10, 5, 18]
Run: 152, Fitness: 28.20477520772489, Time: (Run: 2min 46sec, Total: 303min 23sec), Seed: 1614023989319721900, Route: [28, 8, 11, 16, 17, 15, 30, 22, 12, 13, 1, 4, 31, 21, 0, 14, 10, 5, 23, 26, 24, 7, 25, 27, 2, 18, 3, 20, 29, 6, 9, 19]
Run: 153, Fitness: 28.076693643826648, Time: (Run: 2min 53sec, Total: 306min 16sec), Seed: 1614024155504047800, Route: [19, 9, 6, 29, 20, 3, 5, 18, 2, 27, 25, 7, 24, 23, 28, 26, 8, 11, 16, 17, 15, 30, 22, 12, 13, 1, 4, 31, 21, 0, 14, 10]
Run: 154, Fitness: 26.786556448212067, Time: (Run: 2min 27sec, Total: 308min 42sec), Seed: 1614024328113132700, Route: [27, 9, 6, 29, 2, 18, 20, 3, 1, 13, 12, 4, 0, 14, 5, 10, 21, 31, 22, 30, 15, 17, 16, 11, 8, 7, 25, 24, 23, 26, 28, 19]
Run: 155, Fitness: 32.175713008361456, Time: (Run: 2min 54sec, Total: 311min 36sec), Seed: 1614024474825663700, Route: [19, 14, 21, 31, 4, 12, 22, 30, 15, 17, 16, 11, 8, 26, 28, 23, 24, 7, 25, 27, 2, 9, 6, 29, 18, 10, 5, 20, 3, 1, 13, 0]
Run: 156, Fitness: 28.7512769948525, Time: (Run: 2min 39sec, Total: 314min 15sec), Seed: 1614024648515800800, Route: [29, 20, 3, 6, 9, 28, 26, 23, 24, 8, 7, 25, 27, 2, 18, 5, 10, 14, 0, 21, 31, 4, 1, 13, 12, 22, 30, 15, 17, 16, 11, 19]
Run: 157, Fitness: 28.929203557925725, Time: (Run: 2min 41sec, Total: 316min 56sec), Seed: 1614024807314922100, Route: [28, 26, 23, 27, 2, 18, 29, 6, 9, 19, 25, 7, 24, 8, 10, 5, 14, 0, 21, 31, 4, 30, 11, 16, 17, 15, 22, 12, 13, 1, 3, 20]
Run: 158, Fitness: 26.916533931881773, Time: (Run: 2min 34sec, Total: 319min 30sec), Seed: 1614024968093053400, Route: [19, 27, 2, 18, 29, 9, 6, 20, 3, 0, 21, 30, 11, 16, 17, 15, 22, 12, 13, 1, 4, 31, 14, 10, 5, 25, 7, 8, 24, 23, 26, 28]
Run: 159, Fitness: 26.993116769132488, Time: (Run: 2min 21sec, Total: 321min 51sec), Seed: 1614025122565592100, Route: [19, 27, 2, 18, 20, 3, 5, 10, 14, 0, 21, 31, 4, 1, 13, 12, 22, 30, 15, 17, 16, 11, 8, 7, 25, 24, 23, 26, 28, 29, 6, 9]
Run: 160, Fitness: 25.106752854779796, Time: (Run: 2min 40sec, Total: 324min 31sec), Seed: 1614025263375295000, Route: [28, 26, 23, 24, 25, 7, 8, 11, 16, 17, 15, 30, 22, 12, 13, 1, 4, 31, 21, 0, 14, 10, 5, 18, 3, 20, 6, 9, 29, 2, 27, 19]
Run: 161, Fitness: 25.780363013209993, Time: (Run: 2min 20sec, Total: 326min 51sec), Seed: 1614025423692632700, Route: [28, 26, 23, 24, 8, 7, 25, 27, 11, 16, 17, 15, 30, 22, 12, 13, 1, 4, 31, 21, 0, 14, 10, 5, 3, 20, 18, 2, 29, 6, 9, 19]
Run: 162, Fitness: 26.13687928248495, Time: (Run: 2min 41sec, Total: 329min 32sec), Seed: 1614025563921222100, Route: [23, 24, 7, 25, 27, 9, 6, 29, 2, 18, 20, 3, 5, 10, 14, 0, 21, 31, 4, 1, 13, 12, 22, 30, 15, 17, 16, 11, 8, 26, 28, 19]
Run: 163, Fitness: 28.31766104846108, Time: (Run: 2min 27sec, Total: 331min 60sec), Seed: 1614025724944416700, Route: [9, 6, 20, 18, 5, 10, 14, 21, 31, 4, 0, 3, 1, 13, 12, 22, 30, 15, 17, 16, 11, 8, 26, 28, 19, 29, 2, 27, 25, 7, 24, 23]
Run: 164, Fitness: 28.95257347581985, Time: (Run: 2min 35sec, Total: 334min 35sec), Seed: 1614025872377985100, Route: [28, 26, 24, 7, 25, 27, 2, 18, 29, 9, 6, 20, 3, 5, 10, 14, 0, 21, 31, 4, 30, 11, 16, 17, 15, 22, 12, 13, 1, 8, 23, 19]
Run: 165, Fitness: 29.010575107758367, Time: (Run: 2min 49sec, Total: 337min 24sec), Seed: 1614026027890438200, Route: [19, 2, 18, 5, 10, 23, 28, 26, 24, 7, 25, 27, 29, 9, 6, 20, 3, 0, 14, 21, 31, 4, 1, 13, 12, 22, 30, 15, 17, 16, 11, 8]
Run: 166, Fitness: 26.541139547690513, Time: (Run: 2min 22sec, Total: 339min 47sec), Seed: 1614026196977990300, Route: [19, 28, 26, 23, 24, 8, 7, 25, 27, 2, 29, 9, 6, 20, 18, 5, 10, 14, 0, 21, 31, 4, 30, 11, 16, 17, 15, 22, 12, 13, 1, 3]
Run: 167, Fitness: 27.94645840668192, Time: (Run: 2min 37sec, Total: 342min 24sec), Seed: 1614026339485048200, Route: [28, 26, 23, 24, 8, 7, 25, 27, 19, 9, 6, 29, 2, 18, 20, 3, 0, 14, 21, 30, 11, 16, 17, 15, 22, 12, 13, 1, 4, 31, 10, 5]
Run: 168, Fitness: 28.474134982921136, Time: (Run: 2min 39sec, Total: 345min 2sec), Seed: 1614026496117906600, Route: [9, 6, 29, 19, 28, 26, 23, 24, 8, 7, 25, 27, 5, 10, 14, 21, 31, 30, 11, 16, 17, 15, 22, 12, 13, 1, 4, 0, 3, 20, 18, 2]
Run: 169, Fitness: 27.790312951360853, Time: (Run: 2min 44sec, Total: 347min 47sec), Seed: 1614026654789050900, Route: [19, 9, 6, 29, 2, 27, 25, 7, 24, 8, 26, 28, 23, 18, 5, 10, 14, 0, 21, 31, 4, 30, 11, 16, 17, 15, 22, 12, 13, 1, 3, 20]
Run: 170, Fitness: 26.588291486514674, Time: (Run: 2min 34sec, Total: 350min 20sec), Seed: 1614026819198521000, Route: [28, 26, 23, 24, 25, 7, 8, 11, 16, 17, 15, 30, 22, 12, 13, 1, 3, 20, 14, 0, 4, 31, 21, 10, 5, 18, 2, 29, 6, 9, 27, 19]
Run: 171, Fitness: 28.491368510837198, Time: (Run: 2min 60sec, Total: 353min 20sec), Seed: 1614026972957617800, Route: [28, 26, 23, 24, 25, 7, 8, 11, 16, 17, 15, 30, 22, 31, 21, 14, 10, 2, 29, 9, 6, 18, 5, 0, 4, 12, 13, 1, 3, 20, 27, 19]
Run: 172, Fitness: 26.79159372755052, Time: (Run: 2min 48sec, Total: 356min 8sec), Seed: 1614027152852035700, Route: [19, 27, 11, 16, 17, 15, 30, 22, 12, 13, 1, 4, 31, 21, 0, 14, 10, 5, 3, 20, 18, 2, 29, 6, 9, 28, 26, 8, 7, 25, 24, 23]
Run: 173, Fitness: 31.746562855749275, Time: (Run: 2min 42sec, Total: 358min 50sec), Seed: 1614027320529029800, Route: [11, 16, 15, 17, 8, 26, 28, 23, 24, 7, 25, 27, 2, 18, 29, 9, 6, 20, 3, 5, 10, 30, 22, 12, 13, 1, 4, 31, 21, 0, 14, 19]
Run: 174, Fitness: 33.15999267802428, Time: (Run: 2min 40sec, Total: 361min 30sec), Seed: 1614027482609706000, Route: [19, 5, 14, 0, 31, 21, 8, 26, 28, 23, 24, 7, 25, 27, 2, 18, 3, 20, 6, 9, 29, 11, 16, 17, 15, 30, 22, 12, 13, 1, 4, 10]
Run: 175, Fitness: 27.59765644639922, Time: (Run: 2min 34sec, Total: 364min 5sec), Seed: 1614027642950736800, Route: [19, 28, 26, 23, 24, 8, 7, 25, 27, 2, 18, 29, 9, 6, 20, 3, 5, 10, 11, 16, 17, 15, 30, 22, 12, 13, 1, 4, 31, 21, 0, 14]
